3.097980292577543793e+01 1.649812044962400037e+01 1.821924240688200314e+01 1.854700390553999867e+01 1.820585040309419966e+01 2.196673768267440252e+01 2.279064918708111520e+01 1.944644971466597383e+01 2.595946764817691843e+01 2.111754813643199924e+01 2.151369171700319782e+01 1.436245691931071455e+01 2.126864899855079472e+01 1.525338754367999705e+01 1.778472019499999490e+01
1.649812044962400037e+01 4.052045738922303997e+01 1.823140316139200223e+01 1.855938343023999693e+01 1.821800221887519555e+01 2.198139976896640135e+01 2.280586120763049962e+01 1.945942959032654329e+01 2.597679475246751579e+01 2.113164341619200215e+01 2.152805140977919507e+01 1.437204339436031475e+01 2.128284513324479477e+01 1.526356868607999928e+01 1.779659091999999632e+01
1.821924240688200314e+01 1.823140316139200223e+01 2.146920446316560174e+02 2.049554109331999996e+01 2.011854620702360208e+01 2.427455006503520352e+01 2.518502122155353362e+01 2.148948214363969811e+01 2.868675386351736023e+01 2.333614517065600680e+01 2.377390735994560345e+01 1.587136809211775734e+01 2.350312059938639919e+01 1.685589935743999845e+01 1.965317231000000220e+01
1.854700390553999867e+01 1.855938343024000048e+01 2.049554109332000351e+01 2.041958887251359727e+02 2.048063831040047589e+01 2.471160518344896317e+01 2.563842786059467471e+01 2.187640756549404131e+01 2.920398503948015900e+01 2.375608184295679948e+01 2.420151578415999793e+01 1.615520296090367580e+01 2.392632906995359576e+01 1.715924204799999586e+01 2.000677078959999378e+01
1.820585040309420322e+01 1.821800221887519911e+01 2.011854620702360563e+01 2.048063831040047944e+01 1.237368937917467520e+02 2.425833567221617670e+01 2.516801201611158234e+01 2.147519381297470886e+01 2.867092533566414758e+01 2.331954845104102603e+01 2.375606694505439620e+01 1.585205243687369681e+01 2.348761482127364530e+01 1.684399657407999840e+01 1.963891107872800035e+01
2.196673768267440252e+01 2.198139976896640135e+01 2.427455006503520707e+01 2.471160518344896317e+01 2.425833567221617315e+01 1.556087598189056393e+02 3.036862677123600918e+01 2.591296637323393881e+01 3.459893843339526143e+01 2.813736217818445695e+01 2.866312631804159849e+01 1.911899814679571818e+01 2.834136931367929435e+01 2.032404844287999879e+01 2.369602004425600228e+01
2.279064918708111875e+01 2.280586120763049962e+01 2.518502122155353007e+01 2.563842786059467471e+01 2.516801201611157879e+01 3.036862677123600562e+01 1.979172885309139360e+02 2.688450751271831152e+01 3.589531483653428978e+01 2.919257553679815587e+01 2.973829354601138775e+01 1.983803966936785557e+01 2.940392647723527375e+01 2.108622363424511548e+01 2.458474525900319563e+01
1.944644971466597383e+01 1.945942959032654329e+01 2.148948214363969456e+01 2.187640756549403775e+01 2.147519381297470531e+01 2.591296637323393881e+01 2.688450751271831152e+01 1.047339903884867454e+02 3.062980259430992191e+01 2.490915579294013327e+01 2.537451555708175377e+01 1.692475336855162737e+01 2.508986525547263824e+01 1.799227304903807934e+01 2.097734455012499666e+01
2.595946764817691843e+01 2.597679475246751579e+01 2.868675386351736378e+01 2.920398503948015545e+01 2.867092533566414403e+01 3.459893843339526143e+01 3.589531483653428268e+01 3.062980259430992547e+01 1.970995556129664408e+02 3.325420157276740696e+01 3.387135305912000405e+01 2.255945890886259164e+01 3.350078828330399006e+01 2.402040591075839515e+01 2.800390592295599390e+01
2.111754813643200634e+01 2.113164341619200570e+01 2.333614517065600680e+01 2.375608184295679948e+01 2.331954845104102603e+01 2.813736217818445695e+01 2.919257553679815942e+01 2.490915579294013682e+01 3.325420157276740696e+01 9.044027123959183712e+01 2.755556929193200233e+01 1.839038948562757980e+01 2.724332128144368070e+01 1.953769376000000335e+01 2.277972647948000073e+01
2.151369171700320138e+01 2.152805140977919507e+01 2.377390735994560345e+01 2.420151578415999438e+01 2.375606694505439265e+01 2.866312631804159849e+01 2.973829354601138775e+01 2.537451555708175732e+01 3.387135305912000405e+01 2.755556929193199878e+01 1.767946302636905500e+02 1.874506900547000754e+01 2.775213469902543295e+01 1.990358355814399616e+01 2.320681664179999260e+01
1.436245691931071633e+01 1.437204339436031653e+01 1.587136809211775734e+01 1.615520296090367580e+01 1.585205243687369681e+01 1.911899814679572174e+01 1.983803966936785912e+01 1.692475336855163093e+01 2.255945890886259164e+01 1.839038948562757980e+01 1.874506900547000754e+01 2.915095277925898358e+02 1.850939851770834110e+01 1.328265167523839452e+01 1.549092049012799244e+01
2.126864899855079472e+01 2.128284513324479477e+01 2.350312059938639919e+01 2.392632906995359576e+01 2.348761482127364175e+01 2.834136931367929435e+01 2.940392647723527375e+01 2.508986525547264179e+01 3.350078828330399006e+01 2.724332128144367715e+01 2.775213469902543295e+01 1.850939851770834466e+01 4.144917011143299419e+02 1.967829136665599421e+01 2.294302444715999201e+01
1.525338754368000060e+01 1.526356868607999928e+01 1.685589935743999845e+01 1.715924204799999586e+01 1.684399657407999840e+01 2.032404844288000234e+01 2.108622363424511903e+01 1.799227304903807934e+01 2.402040591075839515e+01 1.953769375999999625e+01 1.990358355814399971e+01 1.328265167523839452e+01 1.967829136665599421e+01 1.078829201465600136e+03 1.645401471999999643e+01
1.778472019499999845e+01 1.779659091999999987e+01 1.965317231000000220e+01 2.000677078959999378e+01 1.963891107872800035e+01 2.369602004425600228e+01 2.458474525900319918e+01 2.097734455012500021e+01 2.800390592295599745e+01 2.277972647948000073e+01 2.320681664179999260e+01 1.549092049012799421e+01 2.294302444715999201e+01 1.645401471999999643e+01 2.477360897809999642e+03
